0.009999999776 2.257823508e-05 1 0  0.003006651765 -0.07525828481 0.01109484583 -0.4151377082  1.000066996 -0.9247299433
0.01011578925 2.361268889e-05 1 0  0.003150696866 -0.08522559702 0.01136178523 -0.413826853  1.000069976 -0.9147620201
0.01023293007 2.470037725e-05 1 0  0.003303263569 -0.09472543746 0.01163689326 -0.4125182927  1.000072956 -0.9052615166
0.01035142038 2.584388494e-05 1 0  0.003464544192 -0.1037718207 0.01192042325 -0.4112122059  1.000077009 -0.8962145448
0.01047128905 2.704599319e-05 1 0  0.00363474153 -0.1123807058 0.0122126732 -0.4099090993  1.000080943 -0.8876049519
0.01059253886 2.830955054e-05 1 0  0.00381406839 -0.1205693483 0.01251393929 -0.4086093307  1.000084996 -0.8794156313
0.01071519032 2.963755105e-05 1 0  0.004002750851 -0.1283555627 0.01282452233 -0.4073132277  1.00008893 -0.8716286421
0.01083927136 3.10331925e-05 1 0  0.00420102803 -0.1357578188 0.01314474177 -0.4060212672  1.000092983 -0.864225626
0.01096478011 3.249971633e-05 1 0  0.004409148823 -0.1427945644 0.01347493473 -0.404733777  1.000097036 -0.857188046
0.01109175012 3.404060408e-05 1 0  0.00462738052 -0.1494841874 0.01381542161 -0.4034509957  1.000102043 -0.8504976034
0.0112201795 3.565946827e-05 1 0  0.004856002051 -0.1558446735 0.0141665712 -0.4021735191  1.000105977 -0.8441361785
0.01135010924 3.736014332e-05 1 0  0.005095308181 -0.1618932933 0.01452873647 -0.4009014666  1.000110984 -0.8380866647
0.01148154028 3.914657282e-05 1 0  0.005345608573 -0.1676470786 0.01490230393 -0.3996354342  1.000115991 -0.8323318958
0.01161448937 4.102291496e-05 1 0  0.005607229657 -0.1731222421 0.01528764982 -0.3983754814  1.00012207 -0.8268557787
0.01174898073 4.299358625e-05 1 0  0.005880513694 -0.1783340722 0.01568517834 -0.3971221447  1.000127077 -0.8216428757
0.01188502088 4.50631087e-05 1 0  0.006165819243 -0.1832973212 0.01609530859 -0.395875603  1.000133038 -0.816678524
0.01202264056 4.7236299e-05 1 0  0.006463520229 -0.1880259514 0.01651847921 -0.3946363628  1.000138998 -0.8119487762
0.01216186024 4.951817755e-05 1 0  0.006774011068 -0.1925331056 0.0169551298 -0.393404603  1.000146031 -0.8074404001
0.01230268925 5.191403034e-05 1 0  0.007097701542 -0.196831286 0.01740570739 -0.392180562  1.000151992 -0.8031409979
0.01244514901 5.442931433e-05 1 0  0.007435017731 -0.2009321302 0.01787071489 -0.3909647465  1.000158906 -0.7990387678
0.01258925069 5.706985758e-05 1 0  0.007786408532 -0.2048467398 0.01835062914 -0.3897573054  1.000165939 -0.7951228023
0.01273503061 5.984163727e-05 1 0  0.008152338676 -0.2085854709 0.0188459605 -0.3885584474  1.000174046 -0.7913827896
0.01288250089 6.275103806e-05 1 0  0.008533291519 -0.2121581137 0.01935724169 -0.3873686194  1.00018096 -0.7878085375
0.01303166989 6.580474292e-05 1 0  0.008929773234 -0.2155738175 0.01988502406 -0.3861880004  1.00019002 -0.784391284
0.0131825693 6.900957669e-05 1 0  0.009342306294 -0.2188411206 0.02042987011 -0.3850168288  1.000198007 -0.7811223865
0.01333520934 7.237289537e-05 1 0  0.009771439247 -0.2219681591 0.02099236287 -0.3838553727  1.000207067 -0.777993679
0.01348962914 7.590228779e-05 1 0  0.01021773554 -0.2249625027 0.02157310583 -0.3827038705  1.000216007 -0.7749974728
0.01364582777 7.960576477e-05 1 0  0.01068178471 -0.2278311849 0.02217273042 -0.3815625012  1.000226021 -0.7721269727
0.01380384061 8.34916209e-05 1 0  0.01116420235 -0.2305809408 0.02279187925 -0.3804315329  1.000236034 -0.7693752646
0.01396368071 8.756866737e-05 1 0  0.01166561712 -0.2332180142 0.02343122847 -0.379311204  1.000246048 -0.7667361498
0.01412537973 9.184604278e-05 1 0  0.0121866893 -0.235748291 0.0240914803 -0.3782017231  1.000257015 -0.7642037272
0.01428894047 9.633337322e-05 1 0  0.0127281053 -0.2381772101 0.0247733295 -0.3771031499  1.000267982 -0.7617726326
0.01445439924 0.0001010405904 1 0  0.01329057105 -0.2405100614 0.0254775472 -0.3760159016  1.000280023 -0.7594374418
0.01462176908 0.0001059783463 1 0  0.01387482509 -0.2427516133 0.02620487101 -0.3749398887  1.000293016 -0.7571934462
0.0147910798 0.000111157613 1 0  0.01448161714 -0.2449065149 0.02695613168 -0.3738755286  1.00030601 -0.7550359964
0.01496236119 0.0001165898721 1 0  0.01511175837 -0.2469792515 0.02773211524 -0.3728228807  1.000319004 -0.7529606819
0.01513560861 0.0001222872816 1 0  0.01576605439 -0.2489736825 0.02853370272 -0.371781975  1.000333071 -0.7509635091
0.01531087048 0.0001282623998 1 0  0.01644533873 -0.2508935928 0.02936176211 -0.3707531393  1.000348091 -0.7490406036
0.01548817009 0.0001345283817 1 0  0.01715053059 -0.2527427673 0.03021720983 -0.3697365224  1.000362992 -0.7471883893
0.01566750929 0.0001410991244 1 0  0.01788250171 -0.2545244992 0.03110097349 -0.3687321842  1.000378966 -0.7454035282
0.01584892906 0.0001479890634 1 0  0.01864221133 -0.2562419474 0.03201404959 -0.3677402437  1.000396013 -0.7436827421
0.01603245176 0.0001552133326 1 0  0.01943063363 -0.2578984797 0.03295743093 -0.3667609096  1.000414014 -0.7420227528
0.01621810161 0.000162787881 1 0  0.02024878934 -0.25949651 0.03393217549 -0.3657942116  1.000432134 -0.740421176
0.01640589908 0.0001707292686 1 0  0.02109771222 -0.2610392272 0.0349393636 -0.3648403585  1.000450969 -0.7388746738
0.01659586839 0.0001790547103 1 0  0.02197849192 -0.2625289261 0.0359800756 -0.3638992906  1.000470996 -0.7373809814
0.01678804122 0.0001877823961 1 0  0.02289225906 -0.2639680505 0.03705551848 -0.3629713058  1.000491977 -0.7359377146
0.01698244177 0.0001969311998 1 0  0.02384017035 -0.2653590739 0.03816686571 -0.362056464  1.000512958 -0.7345423698
0.01717907935 0.000206521232 1 0  0.02482342534 -0.2667041719 0.0393153429 -0.3611548245  1.000535965 -0.7331926823
0.01737800986 0.0002165729093 1 0  0.02584327944 -0.2680054307 0.04050223902 -0.3602664471  1.000560045 -0.7318867445
0.01757924072 0.000227108234 1 0  0.02690101229 -0.2692649066 0.04172889516 -0.3593915403  1.000584126 -0.7306222916
0.01778279059 0.0002381495142 1 0  0.02799795941 -0.2704844177 0.04299663752 -0.3585300446  1.000609994 -0.7293976545
0.01798870973 0.0002497206733 1 0  0.0291355066 -0.2716657817 0.04430692643 -0.3576822877  1.000637054 -0.7282108068
0.01819700748 0.0002618462604 1 0  0.03031508066 -0.272810787 0.04566119611 -0.3568480313  1.000665069 -0.7270601988
0.01840771921 0.0002745522943 1 0  0.03153815493 -0.2739212513 0.04706097394 -0.356027782  1.000695109 -0.7259438038
0.01862086914 0.0002878658706 1 0  0.0328062661 -0.2749985158 0.04850781336 -0.3552213609  1.000726104 -0.7248603106
0.01883649081 0.0003018148418 1 0  0.03412098065 -0.2760442793 0.05000332743 -0.354428947  1.000758052 -0.7238081694
0.01905461028 0.0003164288937 1 0  0.03548395261 -0.2770601213 0.05154921114 -0.3536505997  1.000791073 -0.7227854729
0.01927524991 0.0003317386727 1 0  0.03689685464 -0.2780472934 0.05314718187 -0.352886498  1.000827193 -0.7217912674
0.01949845068 0.0003477762803 1 0  0.03836143762 -0.2790072262 0.05479903892 -0.3521367013  1.000863075 -0.720823884
0.01972423121 0.000364574953 1 0  0.03987953067 -0.2799413204 0.05650661513 -0.3514014184  1.000902295 -0.7198821306
0.01995262131 0.0003821701976 1 0  0.04145297408 -0.2808508575 0.05827181786 -0.3506807089  1.00094223 -0.7189644575
0.02018365823 0.0004005975206 1 0  0.04308371618 -0.2817369401 0.06009664759 -0.3499747813  1.000984192 -0.7180700302
0.02041738108 0.0004198955721 1 0  0.04477375746 -0.2826010585 0.06198312342 -0.3492836952  1.001028299 -0.717197001
0.02065380104 0.0004401032056 1 0  0.04652513564 -0.283444196 0.0639333427 -0.3486075997  1.001073241 -0.7163447142
0.02089295909 0.0004612623306 1 0  0.04834001139 -0.2842676938 0.06594950706 -0.3479468226  1.001121283 -0.7155114412
0.02113489062 0.0004834147985 1 0  0.05022056401 -0.2850725949 0.06803387403 -0.3473014235  1.001171231 -0.7146965265
0.02137961797 0.000506606244 1 0  0.0521690622 -0.2858600616 0.07018871605 -0.3466715813  1.001224518 -0.7138985395
0.02162718959 0.000530881458 1 0  0.05418787524 -0.2866311371 0.07241649181 -0.3460576832  1.0012784 -0.7131164074
0.02187761851 0.0005562900915 1 0  0.0562794134 -0.2873871028 0.07471964508 -0.3454598486  1.001336455 -0.712348938
0.02213094942 0.0005828815047 1 0  0.05844618008 -0.2881288528 0.07710074633 -0.3448782861  1.001396418 -0.711595118
0.02238720842 0.0006107069203 1 0  0.06069075316 -0.2888576388 0.07956239581 -0.3443133533  1.001458406 -0.7108537555
0.02264644206 0.0006398213445 1 0  0.06301578134 -0.2895745337 0.08210736513 -0.3437653482  1.001524568 -0.7101237774
0.02290868014 0.0006702799583 1 0  0.06542402506 -0.2902805209 0.08473844826 -0.3432345986  1.001592517 -0.7094039917
0.02317394689 0.00070214062 1 0  0.06791830063 -0.2909768522 0.08745851368 -0.3427214622  1.001664519 -0.7086933851
0.02344229072 0.000735462876 1 0  0.07050151378 -0.2916644514 0.09027057141 -0.3422263861  1.001738667 -0.7079906464
0.02371373959 0.0007703083684 1 0  0.07317670435 -0.2923446 0.0931776762 -0.3417496681  1.001817822 -0.7072949409
0.02398832887 0.0008067411836 1 0  0.07594691962 -0.2930183113 0.09618299454 -0.3412918448  1.001898766 -0.7066048384
0.02426610142 0.0008448270382 1 0  0.07881534845 -0.293686837 0.0992898196 -0.3408534229  1.001984835 -0.7059192657
0.02454709075 0.0008846328128 1 0  0.08178527653 -0.2943513095 0.1025014445 -0.3404348195  1.002074838 -0.705237031
0.0248313304 0.0009262299282 1 0  0.08486004919 -0.2950128317 0.1058213711 -0.3400367796  1.002167821 -0.7045568824
0.02511885948 0.0009696878842 1 0  0.08804312348 -0.2956728041 0.109253116 -0.3396598399  1.00226593 -0.703877449
0.02540973201 0.001015080721 1 0  0.09133805335 -0.2963322699 0.112800315 -0.3393045962  1.002369046 -0.7031978369
0.0257039573 0.001062483527 1 0  0.09474845976 -0.296992749 0.1164667085 -0.3389718831  1.002476096 -0.7025161982
0.02600159869 0.001111972146 1 0  0.09827809036 -0.2976553738 0.1202561557 -0.3386623859  1.002588272 -0.7018315792
0.02630268037 0.001163624809 1 0  0.1019307375 -0.2983216047 0.1241725385 -0.3383769691  1.002706409 -0.7011423111
0.02660724893 0.001217519981 1 0  0.1057102978 -0.2989928424 0.1282199174 -0.3381165266  1.002829552 -0.7004472017
0.0269153472 0.00127373694 1 0  0.1096208096 -0.2996706069 0.1324023753 -0.3378819823  1.002957582 -0.699744463
0.02722701058 0.001332357293 1 0  0.1136662886 -0.3003562987 0.1367242038 -0.3376744092  1.003092766 -0.6990326643
0.02754229121 0.001393461484 1 0  0.1178509071 -0.3010516167 0.141189456 -0.3374947011  1.003234148 -0.6983103752
0.02786120959 0.001457130536 1 0  0.1221788749 -0.3017580807 0.1458028108 -0.3373442888  1.003381252 -0.6975756884
0.02818382904 0.001523444196 1 0  0.1266545206 -0.3024775386 0.1505684555 -0.3372242153  1.00353539 -0.6968269348
0.02851017937 0.001592481509 1 0  0.1312820911 -0.3032115996 0.1554909348 -0.3371357322  1.00369668 -0.6960623264
0.02884031832 0.001664321288 1 0  0.1360660344 -0.3039621413 0.1605748683 -0.3370804191  1.003865838 -0.6952799559
0.02917427011 0.001739038038 1 0  0.141010806 -0.304731071 0.1658248603 -0.337059617  1.004043102 -0.6944781542
0.02951209061 0.001816705102 1 0  0.1461208165 -0.3055203855 0.1712455601 -0.3370749354  1.004228473 -0.6936546564
0.02985383198 0.001897391514 1 0  0.151400581 -0.306332171 0.1768415272 -0.337127924  1.004421592 -0.6928071976
0.03019952029 0.001981160836 1 0  0.1568544805 -0.3071684241 0.1826175004 -0.3372204006  1.004624844 -0.6919341087
0.03054920956 0.002068071393 1 0  0.1624870449 -0.3080314696 0.1885780245 -0.3373539746  1.004837275 -0.6910327673
0.03090294823 0.002158175921 1 0  0.168302536 -0.3089233935 0.1947278678 -0.3375307918  1.005058765 -0.6901012659
0.03126079217 0.002251517493 1 0  0.1743053645 -0.3098467588 0.201071471 -0.3377527297  1.005291104 -0.6891368628
0.03162278235 0.002348129638 1 0  0.1804996878 -0.3108037412 0.2076132745 -0.3380217552  1.00553453 -0.6881374121
0.03198894486 0.002448036801 1 0  0.186889559 -0.311796993 0.2143576592 -0.3383401632  1.005789042 -0.6871002913
0.03235937282 0.002551249228 1 0  0.1934789568 -0.3128289878 0.2213085741 -0.3387099802  1.006055593 -0.6860229969
0.03273406997 0.002657762729 1 0  0.2002714276 -0.3139024377 0.2284701765 -0.3391335607  1.006334305 -0.6849029064
0.03311310709 0.002767558908 1 0  0.2072705626 -0.3150196373 0.2358461171 -0.3396131992  1.006625652 -0.6837375164
0.03349654377 0.002880600514 1 0  0.2144793123 -0.3161833286 0.2434397936 -0.3401511014  1.00693047 -0.6825243235
0.03388441727 0.00299682864 1 0  0.2219005972 -0.3173961639 0.2512541413 -0.34074983  1.007249117 -0.6812605858
0.03427678347 0.003116163192 1 0  0.2295366526 -0.3186609149 0.2592918277 -0.3414116204  1.007582545 -0.6799436212
0.0346736908 0.003238503356 1 0  0.2373894155 -0.3199799657 0.2675551176 -0.3421390057  1.007930517 -0.6785710454
0.03507519141 0.003363718744 1 0  0.2454600483 -0.3213559985 0.2760454118 -0.3429341018  1.008294225 -0.6771402359
0.03548133746 0.003491649637 1 0  0.2537492812 -0.3227913082 0.2847637832 -0.3437992036  1.008675098 -0.6756489277
0.03589219227 0.003622112796 1 0  0.2622573376 -0.3242883086 0.2937103808 -0.3447364867  1.009071827 -0.674094975
0.03630780801 0.003754885634 1 0  0.2709832788 -0.3258492947 0.3028849959 -0.3457480073  1.00948596 -0.6724759936
0.03672822937 0.003889718093 1 0  0.2799254358 -0.327476114 0.3122859895 -0.3468355536  1.009917974 -0.6707903147
0.03715351969 0.004026324954 1 0  0.2890813947 -0.3291705251 0.3219112456 -0.3480007946  1.010369062 -0.6690362692
0.03758373857 0.004164386075 1 0  0.2984478474 -0.3309341073 0.3317574263 -0.349245131  1.010839224 -0.6672124267
0.03801893815 0.004303551745 1 0  0.3080199659 -0.3327679932 0.3418202996 -0.350569725  1.01132834 -0.6653177738
0.03845918179 0.004443431273 1 0  0.3177923262 -0.3346730471 0.3520943224 -0.3519752026  1.011837602 -0.6633517146
0.03890451044 0.00458360929 1 0  0.3277582526 -0.3366497755 0.3625730276 -0.3534620106  1.012366772 -0.6613138318
0.03935500979 0.004723634571 1 0  0.3379098773 -0.3386981785 0.3732486069 -0.355030328  1.012917042 -0.6592043638
0.03981072083 0.004863034934 1 0  0.3482379317 -0.3408176899 0.3841120303 -0.3566794395  1.013488173 -0.6570241451
0.04027170315 0.005001314916 1 0  0.3587324917 -0.3430075347 0.3951531351 -0.3584085405  1.014080405 -0.6547739506
0.04073803127 0.005137954839 1 0  0.369381994 -0.3452661633 0.406360507 -0.3602162004  1.01469481 -0.6524558067
0.04120974615 0.005272427108 1 0  0.3801740408 -0.347591579 0.4177216291 -0.3621003032  1.015330315 -0.6500717998
0.04168693721 0.005404199008 1 0  0.3910951912 -0.3499813378 0.42922315 -0.3640586436  1.015987635 -0.6476246119
0.04216964543 0.005532737356 1 0  0.4021311402 -0.3524324 0.4408503473 -0.3660880327  1.016666174 -0.6451175213
0.04265794903 0.005657506641 1 0  0.4132665694 -0.3549412191 0.4525877833 -0.3681849539  1.017365575 -0.6425544024
0.0431519188 0.005777998362 1 0  0.4244856238 -0.357503742 0.4644196332 -0.3703455329  1.018085837 -0.6399393082
0.04365158454 0.005893721711 1 0  0.435772121 -0.3601155281 0.4763291776 -0.3725652695  1.018828273 -0.6372771859
0.0441570431 0.006004205439 1 0  0.4471088052 -0.3627717197 0.4882991612 -0.3748393059  1.019589305 -0.6345728636
0.04466836527 0.006109017879 1 0  0.4584791958 -0.3654671609 0.5003125072 -0.3771624565  1.020371795 -0.6318317652
0.04518559575 0.006207773928 1 0  0.4698659778 -0.3681964278 0.5123516321 -0.3795293868  1.021173 -0.6290594935
0.04570882395 0.006300117821 1 0  0.4812522531 -0.3709537983 0.5243995786 -0.381934315  1.02199316 -0.6262618899
0.04623809829 0.006385751534 1 0  0.4926214218 -0.3737334907 0.5364391804 -0.3843714297  1.022831082 -0.6234449148
0.04677350819 0.006464419886 1 0  0.5039572716 -0.3765296638 0.5484539866 -0.3868348897  1.023687243 -0.6206145287
0.04731513187 0.006535931956 1 0  0.5152440071 -0.3793364763 0.5604279041 -0.389318645  1.024560094 -0.6177764535
0.04786300659 0.006600133143 1 0  0.5264667273 -0.3821481764 0.5723457336 -0.3918170631  1.025448918 -0.6149368286
0.04841724038 0.00665693311 1 0  0.5376113057 -0.3849591613 0.5841928124 -0.3943241537  1.026352763 -0.6121011376
0.0489778854 0.006706281565 1 0  0.5486641526 -0.387763828 0.5959556699 -0.3968344629  1.027272463 -0.6092748642
0.04954502732 0.006748182699 1 0  0.5596128106 -0.3905571103 0.6076213121 -0.3993425965  1.028205037 -0.6064634323
0.05011872202 0.006782682613 1 0  0.5704458952 -0.3933340311 0.6191781759 -0.401843518  1.02915144 -0.6036713719
0.05069906637 0.006809871178 1 0  0.5811524391 -0.3960899115 0.6306153536 -0.40433231  1.030110836 -0.6009036899
0.05128613487 0.00682987459 1 0  0.5917232633 -0.39882043 0.6419231892 -0.4068045318  1.031081319 -0.5981644392
0.0518799983 0.006842848845 1 0  0.6021494269 -0.4015216231 0.6530926824 -0.4092560112  1.032063484 -0.5954575539
0.05248074606 0.006848983932 1 0  0.6124233603 -0.4041898251 0.6641162634 -0.411682874  1.033056617 -0.5927866697
0.05308844149 0.006848493125 1 0  0.6225380898 -0.406821847 0.6749867797 -0.4140816033  1.034060597 -0.5901548266
0.05370318517 0.006841614377 1 0  0.6324877739 -0.4094146192 0.6856984496 -0.4164490998  1.035072565 -0.5875649452
0.05432503298 0.006828596815 1 0  0.642267406 -0.411965698 0.6962460876 -0.4187825918  1.0360955 -0.5850195885
0.05495409667 0.006809703074 1 0  0.6518725157 -0.414472729 0.7066254616 -0.4210794866  1.037126184 -0.5825207233
0.05559042841 0.006785217207 1 0  0.6612996459 -0.4169337749 0.7168328166 -0.4233376086  1.038164973 -0.5800703764
0.05623412505 0.006755417679 1 0  0.6705457568 -0.4193472564 0.7268656492 -0.4255552292  1.039212584 -0.5776698589
0.05688529089 0.006720587611 1 0  0.6796088219 -0.4217117727 0.7367216945 -0.4277306795  1.040267229 -0.5753204823
0.057543993 0.006681023631 1 0  0.6884869337 -0.4240262508 0.7463991642 -0.4298626184  1.041328788 -0.5730232
0.05821032077 0.006637012586 1 0  0.6971792579 -0.426289767 0.7558974028 -0.4319499433  1.042398214 -0.5707788467
0.05888437107 0.006588836666 1 0  0.7056850791 -0.4285018444 0.7652156949 -0.4339919388  1.043474555 -0.5685877204
0.05956621096 0.006536780391 1 0  0.714004159 -0.4306619763 0.7743540406 -0.4359879196  1.044557929 -0.5664502382
0.06025596708 0.006481120829 1 0  0.7221367359 -0.4327699542 0.783313036 -0.4379374087  1.045647264 -0.5643665195
0.0609536916 0.006422128994 1 0  0.7300836444 -0.4348256886 0.792093277 -0.4398402274  1.046743631 -0.5623364449
0.0616595 0.006360066123 1 0  0.73784554 -0.4368294179 0.8006960154 -0.441696167  1.04784584 -0.5603597164
0.06237348169 0.00629518507 1 0  0.7454239726 -0.4387812316 0.8091226816 -0.4435053766  1.048955083 -0.5584362745
0.06309573352 0.006227734033 1 0  0.7528201342 -0.4406816065 0.8173747659 -0.4452679753  1.050070167 -0.5565651655
0.06382634491 0.006157946307 1 0  0.7600360513 -0.4425309896 0.8254545331 -0.4469843507  1.051192522 -0.5547462702
0.0645654276 0.006086051464 1 0  0.7670735717 -0.4443298578 0.8333640695 -0.4486547112  1.05232048 -0.5529786944
0.06531306356 0.006012263708 1 0  0.7739348412 -0.4460789561 0.8411056995 -0.4502796829  1.053454757 -0.551261723
0.06606933475 0.005936788861 1 0  0.7806221247 -0.4477790296 0.8486819863 -0.4518597722  1.054594636 -0.5495946407
0.06683439016 0.005859825294 1 0  0.7871380448 -0.4494307935 0.8560956717 -0.4533956349  1.055742979 -0.5479763746
0.06760829687 0.005781559274 1 0  0.7934852839 -0.4510351419 0.8633492589 -0.4548879266  1.056896091 -0.5464060903
0.06839116663 0.005702166818 1 0  0.7996660471 -0.4525929093 0.8704460859 -0.4563373327  1.058057308 -0.5448830128
0.06918310374 0.005621816497 1 0  0.8056834936 -0.4541050494 0.8773888946 -0.4577446878  1.059224248 -0.5434058905
0.06998420507 0.005540665705 1 0  0.8115403056 -0.4555724561 0.8841811419 -0.4591108561  1.060399413 -0.5419739485
0.07079458237 0.005458862521 1 0  0.8172397614 -0.4569961429 0.8908250928 -0.4604365528  1.061580539 -0.5405858755
0.07161433995 0.005376548041 1 0  0.8227844238 -0.4583770633 0.8973250389 -0.461722672  1.062768698 -0.5392408967
0.07244359702 0.005293853581 1 0  0.8281773329 -0.4597162604 0.9036835432 -0.462970078  1.063965917 -0.53793782
0.07328245044 0.005210902076 1 0  0.8334217668 -0.461014688 0.9099041224 -0.4641797245  1.065168977 -0.5366755724
0.07413101941 0.005127809942 1 0  0.8385207057 -0.4622733891 0.915989995 -0.4653524756  1.066380262 -0.5354532003
0.07498941571 0.00504468102 1 0  0.8434768915 -0.4634932876 0.9219447374 -0.466489166  1.06760025 -0.5342695117
0.07585776597 0.004961620085 1 0  0.8482938409 -0.4646754861 0.9277711511 -0.4675907493  1.06882751 -0.5331236124
0.07673614472 0.004878718406 1 0  0.8529742956 -0.4658209383 0.9334728122 -0.4686581194  1.07006371 -0.53201437
0.07762470841 0.00479606213 1 0  0.8575219512 -0.4669306576 0.939053297 -0.4696921706  1.07130909 -0.5309407711
0.07852356136 0.004713732749 1 0  0.861939013 -0.468005538 0.9445154667 -0.4706937969  1.072562099 -0.5299018621
0.07943281531 0.004631804302 1 0  0.8662291169 -0.4690466523 0.9498630166 -0.4716638327  1.073824525 -0.5288965702
0.08035261184 0.004550344311 1 0  0.8703947663 -0.4700548947 0.9550989866 -0.4726031721  1.075096726 -0.5279239416
0.0812830627 0.004469417501 1 0  0.8744394183 -0.471031189 0.9602265954 -0.4735127091  1.076378107 -0.5269829631
0.08222425729 0.004389079753 1 0  0.8783656955 -0.4719765186 0.9652490616 -0.4743932486  1.077669263 -0.5260728002
0.08317637444 0.004309385549 1 0  0.8821767569 -0.4728916883 0.9701695442 -0.4752456248  1.078970551 -0.5251924396
0.08413951099 0.004230384249 1 0  0.8858757019 -0.4737776816 0.9749912024 -0.4760706127  1.080282927 -0.5243411064
0.08511380851 0.004152118228 1 0  0.8894647956 -0.4746353328 0.9797173142 -0.4768691063  1.081605196 -0.5235176086
0.08609937876 0.004074627999 1 0  0.8929472566 -0.4754654765 0.9843506813 -0.4776418209  1.082938552 -0.5227214098
0.0870963484 0.003997950349 1 0  0.8963256478 -0.4762688875 0.9888946414 -0.4783895612  1.084282875 -0.5219515562
0.0881048888 0.003922118805 1 0  0.8996027708 -0.4770464599 0.9933518767 -0.4791130126  1.085638404 -0.5212072134
0.0891250819 0.003847159445 1 0  0.9027816653 -0.4777989686 0.9977254868 -0.4798129499  1.087006807 -0.5204875469
0.09015710652 0.003773100674 1 0  0.9058643579 -0.4785271883 1.002018571 -0.4804901481  1.088386178 -0.5197917223
0.09120108932 0.003699963214 1 0  0.9088535905 -0.4792318344 1.006233573 -0.4811451733  1.08977747 -0.5191191435
0.09225713462 0.003627770115 1 0  0.9117522836 -0.4799136221 1.010372996 -0.4817788005  1.091183066 -0.518468976
0.09332542121 0.003556536511 1 0  0.9145625234 -0.4805732965 1.014440656 -0.4823916852  1.092600584 -0.5178405046
0.09440608323 0.003486279398 1 0  0.9172868133 -0.4812116027 1.018438816 -0.4829844832  1.094031096 -0.5172330141
0.09549925476 0.003417009255 1 0  0.9199277163 -0.4818291068 1.022370696 -0.4835577607  1.095475554 -0.516645968
0.09660509229 0.003348738421 1 0  0.9224871993 -0.4824265242 1.026236892 -0.4841121733  1.096934319 -0.5160784125
0.09772371501 0.003281474113 1 0  0.9249680638 -0.4830045104 1.030042768 -0.4846483469  1.098406792 -0.5155299306
0.09885530174 0.003215223318 1 0  0.9273723364 -0.4835636318 1.033788085 -0.4851667881  1.099894166 -0.5149998665
0.1000000015 0.003149990924 1 0  0.9297018647 -0.4841045141 1.037478447 -0.4856681824  1.101396918 -0.5144876838
0.1011578888 0.00308578019 1 0  0.9319593906 -0.4846277535 1.0411129 -0.4861529171  1.102914453 -0.5139926672
0.1023292989 0.00302259298 1 0  0.9341464639 -0.4851339161 1.044696569 -0.4866216183  1.104447007 -0.5135142803
0.1035142094 0.002960430691 1 0  0.9362655282 -0.4856234789 1.048229933 -0.4870747924  1.105996609 -0.5130519867
0.1047128886 0.002899290994 1 0  0.9383180737 -0.4860970676 1.051717162 -0.4875128865  1.107562065 -0.5126053095
0.1059253961 0.002839172026 1 0  0.9403066635 -0.4865551591 1.055158496 -0.4879364967  1.109144807 -0.512173593
0.1071519032 0.002780070063 1 0  0.9422326684 -0.4869982302 1.058558226 -0.4883459806  1.110744476 -0.5117565393
0.1083927155 0.00272198231 1 0  0.944098115 -0.4874268472 1.061917067 -0.4887418747  1.112361073 -0.5113534927
0.1096477956 0.002664899686 1 0  0.9459050894 -0.4878413677 1.065237522 -0.4891245663  1.11399591 -0.5109640956
0.1109174937 0.00260882359 1 0  0.9476549029 -0.4882423282 1.068521857 -0.4894944727  1.115648508 -0.5105878115
0.112201795 0.002553740982 1 0  0.9493495226 -0.488630116 1.071771741 -0.4898520708  1.117321372 -0.5102242827
0.1135010943 0.002499645343 1 0  0.9509904981 -0.489005208 1.074989676 -0.4901977777  1.119011879 -0.509872973
0.1148153991 0.002446528757 1 0  0.9525794983 -0.4893679619 1.078177929 -0.4905318916  1.120721698 -0.5095336437
0.1161448956 0.002394385869 1 0  0.954118073 -0.4897188544 1.081337333 -0.4908548295  1.122452378 -0.5092057586
0.1174897999 0.00234320038 1 0  0.9556077123 -0.4900582433 1.08447051 -0.4911670089  1.124203086 -0.5088889003
0.1188502088 0.002292968566 1 0  0.9570500255 -0.4903864563 1.087579489 -0.4914687276  1.125974894 -0.5085828304
0.1202264056 0.002243677154 1 0  0.9584462643 -0.4907039106 1.090666413 -0.4917603135  1.127767563 -0.5082871914
0.1216186062 0.002195315203 1 0  0.9597979784 -0.4910109639 1.09373188 -0.4920421839  1.129581332 -0.5080014467
0.1230268925 0.002147875261 1 0  0.961106658 -0.4913079441 1.096778512 -0.4923146069  1.131418228 -0.5077254772
0.1244514957 0.002101341961 1 0  0.9623736143 -0.491595149 1.099808931 -0.4925778508  1.133278012 -0.507458806
0.125892505 0.002055705525 1 0  0.9635996222 -0.4918729067 1.102823615 -0.4928323328  1.135159731 -0.5072011352
0.1273503006 0.002010953845 1 0  0.9647865891 -0.4921415746 1.105824351 -0.493078202  1.13706553 -0.5069522858
0.1288250089 0.001967072953 1 0  0.9659354091 -0.4924014211 1.108812451 -0.4933158755  1.138996482 -0.506711781
0.1303167045 0.001924055046 1 0  0.9670474529 -0.4926526845 1.111791492 -0.493545562  1.140950203 -0.5064796209
0.1318257004 0.001881883596 1 0  0.9681236148 -0.492895782 1.114760637 -0.4937674999  1.142930031 -0.5062551498
0.1333520859 0.00184054859 1 0  0.9691652656 -0.4931308329 1.117723823 -0.4939819872  1.144935966 -0.5060384274
0.1348962933 0.001800035243 1 0  0.9701732993 -0.493358165 1.12068069 -0.4941892624  1.146967769 -0.5058290958
0.1364582777 0.00176033203 1 0  0.9711488485 -0.4935780764 1.123633385 -0.4943895638  1.149025559 -0.5056266785
0.1380384117 0.001721426845 1 0  0.9720930457 -0.4937907159 1.126584053 -0.4945831299  1.151111364 -0.5054312944
0.1396367997 0.001683306764 1 0  0.9730068445 -0.4939964116 1.129534483 -0.4947701991  1.153225422 -0.5052424669
0.1412537992 0.00164595875 1 0  0.9738909006 -0.4941953123 1.132484555 -0.4949509203  1.155367136 -0.5050600767
0.1428894103 0.00160936988 1 0  0.9747465849 -0.4943877459 1.13543725 -0.4951255918  1.157537937 -0.504883945
0.1445439905 0.0015735263 1 0  0.9755744934 -0.4945738316 1.138393402 -0.4952943921  1.159738898 -0.5047137737
0.1462176889 0.001538417186 1 0  0.9763756394 -0.4947538078 1.141355276 -0.4954574406  1.161969781 -0.5045493841
0.1479108036 0.001504029613 1 0  0.9771509767 -0.494927913 1.144323587 -0.4956150055  1.164232612 -0.5043905973
0.1496236026 0.001470350195 1 0  0.9779010415 -0.4950962663 1.147299409 -0.4957672954  1.166526556 -0.504237175
0.1513560861 0.001437366474 1 0  0.9786270261 -0.4952590764 1.150284767 -0.4959144592  1.168852448 -0.5040889978
0.1531087011 0.001405066345 1 0  0.9793292284 -0.4954166114 1.15328145 -0.4960565865  1.171211481 -0.5039458275
0.1548817009 0.001373436418 1 0  0.980008781 -0.4955689013 1.15629065 -0.4961939454  1.173604369 -0.5038076639
0.1566750854 0.001342466334 1 0  0.980666399 -0.495716244 1.159313083 -0.496326685  1.176031232 -0.5036740303
0.1584893018 0.001312142471 1 0  0.9813024998 -0.4958587885 1.162351012 -0.4964549541  1.178494096 -0.5035449862
0.1603245139 0.001282453304 1 0  0.9819180965 -0.4959966242 1.165405393 -0.4965788424  1.180992007 -0.5034204721
0.1621810049 0.001253385679 1 0  0.9825135469 -0.49612993 1.168477774 -0.4966985583  1.183527946 -0.5033000708
0.1640589982 0.001224929816 1 0  0.983089745 -0.4962589145 1.171570778 -0.4968142211  1.186100841 -0.5031838417
0.1659586877 0.001197072444 1 0  0.9836471081 -0.4963836372 1.174683809 -0.4969260097  1.188711882 -0.5030714273
0.1678804159 0.001169803436 1 0  0.9841865897 -0.496504277 1.177819133 -0.4970339537  1.191361785 -0.5029630661
0.1698244214 0.001143109053 1 0  0.9847083092 -0.4966209531 1.180977821 -0.4971382916  1.194052458 -0.5028582811
0.1717908084 0.001116979751 1 0  0.9852131605 -0.4967338443 1.184162617 -0.4972390831  1.196784616 -0.5027570724
0.1737800986 0.001091404469 1 0  0.9857015014 -0.4968430102 1.187373757 -0.4973364472  1.199558377 -0.5026593208
0.175792411 0.001066372148 1 0  0.9861742258 -0.4969486594 1.190612793 -0.497430563  1.202374458 -0.5025649071
0.1778279096 0.001041871263 1 0  0.9866312742 -0.497050792 1.193882346 -0.4975214899  1.205235481 -0.502473712
0.1798871011 0.00101789413 1 0  0.9870736003 -0.4971496165 1.197182775 -0.4976092875  1.208141446 -0.5023856163
0.1819700897 0.0009944302728 1 0  0.9875013828 -0.4972451925 1.200515509 -0.4976941347  1.211092234 -0.5023005009
0.1840771884 0.0009714706684 1 0  0.9879153967 -0.4973376691 1.20388341 -0.4977760911  1.214091182 -0.5022183657
0.1862086952 0.0009490090306 1 0  0.9883158207 -0.4974271059 1.207286358 -0.4978552759  1.217138171 -0.5021390319
0.1883648932 0.0009270402952 1 0  0.9887032509 -0.497513622 1.2107265 -0.4979317784  1.220235229 -0.5020623207
0.1905460954 0.0009055621922 1 0  0.9890782833 -0.4975973368 1.214205861 -0.4980056882  1.223382115 -0.5019882917
0.1927525103 0.0008845770499 1 0  0.989440918 -0.4976783097 1.21772635 -0.4980771244  1.226580977 -0.5019167662
0.1949845105 0.0008640939486 1 0  0.9897917509 -0.4977566302 1.2212888 -0.4981460869  1.229833007 -0.501847744
0.1972423047 0.0008441283135 1 0  0.9901313186 -0.4978323877 1.224895239 -0.4982127249  1.233139992 -0.5017809868
0.1995262206 0.0008247098885 1 0  0.9904596806 -0.4979057014 1.22854805 -0.4982770979  1.236503839 -0.5017166138
0.201836586 0.0008058840758 1 0  0.9907773137 -0.4979766309 1.232248902 -0.4983392656  1.239923835 -0.5016542673
0.2041738033 0.000787721714 1 0  0.9910849333 -0.4980452359 1.235997677 -0.4983993173  1.243403792 -0.5015941858
0.2065380067 0.0007703196607 1 0  0.9913824201 -0.4981116354 1.2397995 -0.4984572828  1.246943831 -0.5015360117
0.2089295834 0.0007513207383 1 0  0.9916701913 -0.4981758893 1.243653655 -0.4985134602  1.25054574 -0.5014799833
0.2113489211 0.0007347487845 1 0  0.9919486642 -0.4982379973 1.247564554 -0.4985675514  1.254212737 -0.5014258623
0.2137961835 0.0007190479082 1 0  0.9922181964 -0.4982981384 1.251532793 -0.4986197948  1.257945776 -0.5013734102
0.2162719071 0.0007043874357 1 0  0.9924789071 -0.4983563125 1.255559921 -0.4986702502  1.261745811 -0.5013227463
0.2187761813 0.0006910186494 1 0  0.9927313328 -0.4984126389 1.25965023 -0.4987188876  1.265616536 -0.5012737513
0.221309498 0.0006792297936 1 0  0.992975533 -0.4984670877 1.263804555 -0.4987657368  1.26955843 -0.5012262464
0.2238720953 0.0006694363547 1 0  0.9932116866 -0.4985197783 1.268026829 -0.4988109469  1.273575664 -0.5011803508
0.2264644206 0.000662132632 1 0  0.9934405088 -0.49857077 1.272318363 -0.4988543987  1.277668595 -0.5011358261
0.2290868014 0.0006579776527 1 0  0.9936618805 -0.4986201227 1.276682734 -0.498896122  1.281841636 -0.5010925531
0.2317394763 0.0006577613531 1 0  0.9938762784 -0.4986678362 1.281122327 -0.4989361465  1.286096573 -0.5010505319
0.2344228923 0.0006624930538 1 0  0.9940837026 -0.4987140596 1.285640836 -0.4989744425  1.290435553 -0.5010094643
0.2371373922 0.0006733757327 1 0  0.9942846298 -0.4987587631 1.290240407 -0.4990109205  1.294862509 -0.5009694099
0.2398832738 0.0006918836152 1 0  0.9944791794 -0.498802036 1.294924855 -0.4990454912  1.299380541 -0.5009299517
0.2426610291 0.0007197770174 1 0  0.9946674109 -0.4988438487 1.299698472 -0.4990780354  1.30399251 -0.500891149
0.2454709113 0.0007591319736 1 0  0.9948499203 -0.4988843203 1.30456388 -0.4991084635  1.308701396 -0.5008526444
0.2483133078 0.000812395243 1 0  0.9950265884 -0.4989234507 1.309524655 -0.4991365373  1.313511372 -0.5008141994
0.2511885762 0.0008823891403 1 0  0.9951978326 -0.4989613295 1.314586401 -0.4991620779  1.318427444 -0.5007754564
0.2540973127 0.0009723752737 1 0  0.9953635335 -0.4989978969 1.319751382 -0.4991848171  1.323451281 -0.5007362366
0.2570395768 0.001086047734 1 0  0.9955241084 -0.4990333021 1.325024128 -0.499204427  1.328587413 -0.500696063
0.2600159943 0.001227568835 1 0  0.9956796765 -0.4990674853 1.330409884 -0.4992205203  1.333841443 -0.500654459
0.2630268037 0.001401591697 1 0  0.9958305955 -0.4991005361 1.335912824 -0.4992326796  1.339217424 -0.5006109476
0.2660724819 0.00161324814 1 0  0.9959766269 -0.4991324544 1.341537833 -0.4992403984  1.344718456 -0.5005651116
0.2691534758 0.001868146937 1 0  0.9961183667 -0.4991632998 1.347288728 -0.4992431402  1.350350618 -0.5005161762
0.2722701132 0.002172384877 1 0  0.9962554574 -0.4991930425 1.353170753 -0.4992402494  1.356116772 -0.5004636049
0.2754229009 0.002532500308 1 0  0.9963884354 -0.499221772 1.359188795 -0.4992310703  1.36202383 -0.5004063845
0.2786120772 0.002955441596 1 0  0.9965174198 -0.4992494881 1.365347147 -0.4992148578  1.368075013 -0.500344038
0.2818382978 0.003448563628 1 0  0.9966421723 -0.499276191 1.37165153 -0.4991907477  1.374274254 -0.5002756119
0.2851018012 0.004019537009 1 0  0.9967631102 -0.4993019402 1.378106952 -0.499157846  1.380628705 -0.5002000332
0.2884031832 0.004676304758 1 0  0.9968804717 -0.4993267655 1.384716272 -0.4991151989  1.387141109 -0.5001162887
0.2917427123 0.00542706158 1 0  0.9969938993 -0.499350667 1.391484976 -0.4990617931  1.393815756 -0.5000234842
0.2951208949 0.006280152593 1 0  0.9971039295 -0.4993737042 1.39841783 -0.498996526  1.400657415 -0.4999202788
0.2985383272 0.007243987173 1 0  0.9972102046 -0.4993958771 1.405520082 -0.4989182353  1.407671332 -0.4998055995
0.3019952178 0.008327052929 1 0  0.997313261 -0.4994171858 1.41279459 -0.4988258183  1.414860606 -0.4996781945
0.3054921031 0.009537802078 1 0  0.99741292 -0.4994377196 1.420245528 -0.4987179637  1.422229409 -0.4995368421
0.3090294898 0.01088457275 1 0  0.9975094795 -0.4994574487 1.427875876 -0.49859339  1.429781437 -0.4993800819
0.3126079142 0.01237555873 1 0  0.9976027608 -0.4994764626 1.435690999 -0.4984508455  1.437520146 -0.4992065728
0.3162278235 0.01401875727 1 0  0.9976930022 -0.4994947314 1.443692803 -0.4982888997  1.445447803 -0.4990150928
0.319889456 0.01582194678 1 0  0.9977803826 -0.4995122552 1.451885581 -0.4981062114  1.453569293 -0.4988040328
0.3235937059 0.01779261045 1 0  0.997864604 -0.4995291233 1.460270643 -0.4979013801  1.461885929 -0.4985719919
0.3273406923 0.01993784681 1 0  0.9979460239 -0.4995453656 1.468851328 -0.4976730347  1.470400214 -0.4983175695
0.3311310709 0.02226447314 1 0  0.9980247617 -0.499560982 1.477629542 -0.4974197447  1.479114056 -0.4980390966
0.3349654078 0.02477890626 1 0  0.9981008768 -0.4995759726 1.486607075 -0.4971400201  1.488030076 -0.4977354407
0.3388441801 0.02748722769 1 0  0.9981741905 -0.4995903671 1.495786071 -0.4968324602  1.497149706 -0.4974049628
0.3427678347 0.03039503656 1 0  0.9982448816 -0.4996042252 1.505166173 -0.4964956939  1.506473422 -0.497046113
0.346736908 0.03350752965 1 0  0.9983133078 -0.4996175766 1.51474905 -0.4961282611  1.516000867 -0.4966575503
0.3507519066 0.03682954237 1 0  0.9983791113 -0.4996304214 1.524536133 -0.4957288206  1.525734425 -0.4962377846
0.3548133969 0.04036545753 1 0  0.9984426498 -0.4996427894 1.534526467 -0.4952958822  1.535674214 -0.4957854152
0.3589219153 0.04411930963 1 0  0.9985039234 -0.4996546507 1.544718742 -0.4948282242  1.545818329 -0.4952990413
0.3630780876 0.04809469357 1 0  0.9985628724 -0.4996661246 1.555114985 -0.4943244159  1.556166053 -0.494777292
0.3672823012 0.05229470879 1 0  0.9986197948 -0.4996771514 1.565711498 -0.4937832057  1.566717982 -0.4942188561
0.3715352118 0.05672227591 1 0  0.9986746907 -0.4996877909 1.576508522 -0.4932033122  1.577471375 -0.4936224818
0.3758373857 0.06137976795 1 0  0.99872756 -0.4996980429 1.587502837 -0.4925835133  1.58842361 -0.4929867983
0.3801893592 0.06626938283 1 0  0.9987784624 -0.4997079074 1.598693609 -0.4919227064  1.599573731 -0.4923107326
0.3845918179 0.07139282674 1 0  0.998827517 -0.4997174144 1.610076427 -0.4912196398  1.610918164 -0.4915930629
0.3890450895 0.07675158978 1 0  0.9988747239 -0.4997266531 1.621649265 -0.4904733598  1.62245357 -0.4908326864
0.3935500979 0.08234678209 1 0  0.9989201427 -0.4997354746 1.633408666 -0.4896827638  1.634177089 -0.4900285602
0.3981072009 0.08817925304 1 0  0.9989639521 -0.4997440577 1.64534986 -0.4888469577  1.646083474 -0.4891797304
0.4027170241 0.09424961358 1 0  0.9990062714 -0.4997523427 1.657468677 -0.4879649878  1.658168793 -0.4882851839
0.4073802829 0.1005581468 1 0  0.9990467429 -0.4997603297 1.669759631 -0.4870360792  1.670428514 -0.4873442054
0.4120974541 0.1071050391 1 0  0.9990858436 -0.4997680783 1.682219028 -0.4860593975  1.682856798 -0.4863558412
0.4168693423 0.1138901636 1 0  0.9991235137 -0.4997755587 1.694839954 -0.4850343764  1.695448399 -0.4853195846
0.4216964841 0.1209132522 1 0  0.9991597533 -0.4997828007 1.707615495 -0.4839603007  1.708196998 -0.4842348099
0.4265794754 0.1281737834 1 0  0.9991947412 -0.499789834 1.720540643 -0.4828366339  1.721094608 -0.4831007123
0.4315191805 0.1356710047 1 0  0.9992282391 -0.4997965693 1.733606815 -0.4816629887  1.734135985 -0.4819171429
0.4365158677 0.1434043646 1 0  0.9992604852 -0.4998031259 1.74680829 -0.4804390073  1.747312188 -0.4806833863
0.441570431 0.1513727903 1 0  0.9992915988 -0.4998095036 1.760136485 -0.4791643322  1.760616422 -0.4793993831
0.4466836452 0.1595753133 1 0  0.9993215203 -0.4998156726 1.773583651 -0.4778388143  1.774040461 -0.4780649245
0.4518559575 0.1680109203 1 0  0.9993503094 -0.4998216629 1.787140846 -0.4764623046  1.787576795 -0.4766796827
0.457088232 0.1766783148 1 0  0.9993779659 -0.4998274148 1.800799966 -0.4750347733  1.801215053 -0.4752438366
0.4623809755 0.1855763048 1 0  0.9994046092 -0.4998330474 1.814552069 -0.4735562801  1.814946294 -0.4737572074
0.4677351117 0.1947036833 1 0  0.9994301796 -0.4998385012 1.828386664 -0.4720270038  1.828762054 -0.4722200334
0.4731512964 0.2040590942 1 0  0.9994547963 -0.4998437762 1.842295289 -0.4704470634  1.842652202 -0.4706325531
0.4786300659 0.2136411965 1 0  0.9994785786 -0.4998489022 1.856267214 -0.4688168466  1.856607199 -0.4689950943
0.4841724038 0.2234486789 1 0  0.9995013475 -0.4998538792 1.870293975 -0.4671367407  1.870616317 -0.467307955
0.4897788465 0.2334803641 1 0  0.9995232821 -0.4998586774 1.88436389 -0.4654072225  1.884670734 -0.4655715823
0.4954502583 0.2437348813 1 0  0.9995443225 -0.4998633862 1.898467898 -0.4636287391  1.898760438 -0.4637866616
0.5011872053 0.2542111278 1 0  0.9995645881 -0.4998679161 1.912595749 -0.4618020952  1.912872672 -0.4619535804
0.5069906712 0.2649078965 1 0  0.9995841384 -0.4998723567 1.926735759 -0.4599278271  1.92699945 -0.4600732028
0.512861371 0.2758240998 1 0  0.9996027946 -0.4998766482 1.940878391 -0.458006829  1.941127658 -0.4581462443
0.5187999606 0.2869586945 1 0  0.999620676 -0.4998807609 1.95501256 -0.4560398161  1.955250502 -0.456173569
0.5248074532 0.2983108163 1 0  0.999638021 -0.4998848438 1.969128251 -0.4540277719  1.969354033 -0.4541559815
0.5308843851 0.309879601 1 0  0.9996545315 -0.4998887479 1.983214617 -0.4519716799  1.983429193 -0.4520944655
0.5370318294 0.3216644526 1 0  0.9996704459 -0.4998925328 1.997262001 -0.4498725235  1.997465491 -0.4499902129
0.5432503223 0.3336646557 1 0  0.9996857047 -0.4998962581 2.011259794 -0.4477313757  2.011453152 -0.4478440583
0.5495409369 0.3458798528 1 0  0.9997004867 -0.4998998344 2.025198698 -0.4455493987  2.025382042 -0.4456572831
0.5559042692 0.3583096266 1 0  0.999714613 -0.4999033213 2.039067507 -0.4433277547  2.039241791 -0.4434310198
0.5623412728 0.3709538877 1 0  0.9997280836 -0.4999066889 2.052857876 -0.4410676956  2.0530231 -0.4411664903
0.5688529015 0.3838122189 1 0  0.9997409582 -0.4999099672 2.066558599 -0.4387703836  2.066715956 -0.4388647974
0.57543993 0.3968854845 1 0  0.9997534752 -0.499913156 2.080161572 -0.4364372492  2.080311537 -0.4365275502
0.5821031928 0.4101730883 1 0  0.9997654557 -0.4999162257 2.093658209 -0.4340695143  2.093800068 -0.4341557324
0.5888437033 0.4236759841 1 0  0.9997768998 -0.4999192059 2.107039213 -0.4316685796  2.107173681 -0.4317509234
0.595662117 0.4373945594 1 0  0.9997878671 -0.4999220967 2.120296717 -0.429235816  2.120425224 -0.4293144941
0.6025596857 0.4513296187 1 0  0.9997984767 -0.4999248981 2.133422136 -0.4267726243  2.133543491 -0.4268476367
0.6095369458 0.4654820263 1 0  0.9998085499 -0.4999276102 2.146408558 -0.424280405  2.146524191 -0.4243519008
0.6165949702 0.479853332 1 0  0.9998182058 -0.4999302626 2.159247398 -0.4217605591  2.159357786 -0.4218288064
0.6237348318 0.4944439828 1 0  0.9998273253 -0.4999327958 2.171932459 -0.4192145765  2.172037601 -0.4192794859
0.6309573054 0.5092557073 1 0  0.999836266 -0.4999352694 2.184458256 -0.4166438878  2.184557676 -0.416705668
0.638263464 0.5242906213 1 0  0.9998445511 -0.4999376535 2.196816444 -0.4140498638  2.196912289 -0.4141087532
0.6456542611 0.5395501256 1 0  0.9998526573 -0.4999399781 2.20900321 -0.4114340544  2.209094286 -0.4114900231
0.6531306505 0.5550361276 1 0  0.9998604655 -0.4999422133 2.221012831 -0.4087978005  2.221100092 -0.4088509977
0.6606933475 0.5707512498 1 0  0.9998677969 -0.4999443591 2.232840061 -0.4061426222  2.232923031 -0.4061932266
0.6683439016 0.5866971612 1 0  0.9998749495 -0.4999464452 2.244480133 -0.4034698009  2.244559288 -0.4035178721
0.6760829687 0.6028770208 1 0  0.9998816252 -0.4999484718 2.255929232 -0.4007808864  2.256005764 -0.4008265436
0.6839116812 0.6192929745 1 0  0.9998882413 -0.4999504387 2.267184973 -0.3980773091  2.267257929 -0.3981205523
0.6918309927 0.63594836 1 0  0.9998944402 -0.4999523163 2.278242588 -0.3953603208  2.278311729 -0.395401299
0.6998420358 0.6528461576 1 0  0.9999002218 -0.4999541342 2.289099216 -0.3926313221  2.289165735 -0.3926701248
0.7079458237 0.6699897051 1 0  0.9999059439 -0.4999558926 2.299753666 -0.3898917139  2.299818516 -0.3899284601
0.7161433697 0.6873822212 1 0  0.9999111891 -0.4999575913 2.310203314 -0.387142688  2.310265541 -0.3871774971
0.7244359851 0.7050275803 1 0  0.9999164343 -0.4999592602 2.320447445 -0.3843857348  2.320506811 -0.3844185174
0.7328244448 0.7229292393 1 0  0.9999213219 -0.4999608099 2.33048296 -0.381621927  2.330540895 -0.3816530406
0.7413102388 0.7410917878 1 0  0.9999260902 -0.4999623299 2.340312004 -0.378852725  2.340367079 -0.3788820505
0.7498942018 0.7595186234 1 0  0.9999305606 -0.4999637902 2.349932194 -0.3760792017  2.349985361 -0.3761068285
0.7585776448 0.7782146931 1 0  0.9999347925 -0.4999651909 2.359344006 -0.3733025789  2.359395266 -0.3733285666
0.7673614621 0.7971842289 1 0  0.9999388456 -0.4999665618 2.36854744 -0.3705239892  2.368597746 -0.3705484867
0.7762470841 0.8164317608 1 0  0.9999426603 -0.4999678731 2.377545357 -0.3677446544  2.377593517 -0.3677676916
0.7852356434 0.8359628916 1 0  0.9999464154 -0.4999691546 2.386335373 -0.3649655581  2.386382103 -0.3649871647
0.7943281531 0.855781734 1 0  0.9999499321 -0.4999703765 2.39492178 -0.3621879518  2.394967556 -0.3622082472
0.8035261035 0.8758943677 1 0  0.99995327 -0.499971509 2.403304577 -0.3594126701  2.4033494 -0.3594316244
0.812830627 0.8963055015 1 0  0.9999564886 -0.4999726415 2.411486626 -0.3566408455  2.411530495 -0.3566587567
0.822242558 0.9170209169 1 0  0.9999594688 -0.4999737144 2.419470787 -0.3538734615  2.419513941 -0.3538900614
0.8317637444 0.9380464554 1 0  0.9999625087 -0.4999747574 2.42726016 -0.351111412  2.427300453 -0.3511270583
0.8413950801 0.9593880773 1 0  0.9999651909 -0.4999757409 2.434854746 -0.3483555317  2.434895039 -0.3483701348
0.8511381149 0.9810513258 1 0  0.9999679327 -0.4999766946 2.442260504 -0.3456069231  2.442300081 -0.3456204534
0.8609937429 1.003043413 1 0  0.9999704361 -0.4999776483 2.449480295 -0.3428663015  2.449518442 -0.3428788781
0.8709634542 1.025369883 1 0  0.9999727011 -0.4999785125 2.456516981 -0.3401343822  2.45655489 -0.3401462138
0.8810488582 1.048037767 1 0  0.9999750257 -0.4999794066 2.463375092 -0.3374122083  2.463411808 -0.3374229968
0.8912507892 1.071053505 1 0  0.999977231 -0.4999801815 2.470057726 -0.3347002864  2.470094204 -0.3347103298
0.901571095 1.094424248 1 0  0.999979198 -0.4999809861 2.476570368 -0.3319994211  2.476605654 -0.3320086002
0.9120108485 1.118157268 1 0  0.9999812245 -0.499981761 2.482916355 -0.3293102682  2.482950926 -0.3293188214
0.9225713611 1.142259359 1 0  0.9999830127 -0.4999824762 2.489101171 -0.3266335726  2.489135504 -0.3266413808
0.9332542419 1.166738153 1 0  0.9999848604 -0.4999831617 2.495128632 -0.3239699304  2.495162964 -0.3239769638
0.9440608025 1.191601157 1 0  0.9999864697 -0.4999838471 2.501004219 -0.3213197887  2.501037359 -0.3213263154
0.9549925923 1.216856122 1 0  0.9999880791 -0.4999844432 2.506732941 -0.3186838925  2.506765604 -0.3186898828
0.9660509229 1.242511272 1 0  0.9999895096 -0.4999850988 2.512319803 -0.316062808  2.512351036 -0.3160680532
0.9772371054 1.26857388 1 0  0.9999910593 -0.4999856651 2.517769098 -0.313456893  2.517801285 -0.3134616911
0.9885530472 1.295053244 1 0  0.9999923706 -0.4999862313 2.523087502 -0.3108665943  2.523118496 -0.3108710647
1 1.321956515 1 0  0.9999936223 -0.4999867678 2.528279543 -0.3082925975  2.528310061 -0.308296442
1.011578918 1.349293351 1 0  0.999994874 -0.4999872744 2.533351183 -0.3057350516  2.533380985 -0.3057384789
1.023293018 1.377071738 1 0  0.9999960065 -0.499987781 2.538306713 -0.3031945527  2.538336992 -0.3031975031
1.035142064 1.405300856 1 0  0.9999970198 -0.4999882877 2.543152809 -0.300671339  2.543182611 -0.3006738722
1.047128916 1.433989525 1 0  0.9999980927 -0.4999887347 2.547895432 -0.2981658578  2.547924519 -0.2981680036
1.059253931 1.463147521 1 0  0.9999990463 -0.499989152 2.552539825 -0.2956783175  2.552568436 -0.2956802249
1.071519017 1.49278295 1 0  1 -0.4999895692 2.557089567 -0.2932090759  2.55711937 -0.2932106256
1.083927155 1.522906899 1 0  1.000000954 -0.4999899864 2.561553955 -0.2907584906  2.561582565 -0.2907596827
1.096477985 1.553527713 1 0  1.000002027 -0.4999903738 2.565936089 -0.2883266509  2.565964222 -0.2883274853
1.109174967 1.584656119 1 0  1.000002027 -0.4999907315 2.570241928 -0.2859139442  2.570269346 -0.2859145105
1.12201798 1.616301417 1 0  1.00000298 -0.4999910891 2.574478149 -0.2835203111  2.574505329 -0.2835206687
1.135010958 1.64847374 1 0  1.000004053 -0.4999914169 2.578648567 -0.2811462283  2.578676701 -0.2811463475
1.14815402 1.681184173 1 0  1.000004053 -0.4999917746 2.582761049 -0.2787917256  2.582788229 -0.2787915468
1.161448956 1.714441895 1 0  1.000005007 -0.4999920726 2.586820364 -0.2764568329  2.586847305 -0.2764564753
1.174898028 1.748258471 1 0  1.00000596 -0.4999923706 2.590831757 -0.2741419375  2.590857744 -0.2741413116
1.188502073 1.782644749 1 0  1.00000596 -0.4999926388 2.594800234 -0.2718469203  2.594826221 -0.271846205
1.202264071 1.817610741 1 0  1.000007033 -0.499992907 2.598732233 -0.26957196  2.598757744 -0.2695710659
1.216186047 1.853168249 1 0  1.000007033 -0.4999931753 2.602632761 -0.2673171461  2.602658272 -0.267315954
1.230268955 1.889327884 1 0  1.000007987 -0.4999934435 2.60650754 -0.2650824189  2.606532812 -0.265081048
1.244514942 1.926101923 1 0  1.000007987 -0.4999936521 2.610361099 -0.2628678083  2.610386133 -0.2628665268
1.25892508 1.963500738 1 0  1.000007987 -0.4999938905 2.6141994 -0.2606735826  2.614224195 -0.2606720626
1.273503065 2.001536608 1 0  1.000008941 -0.4999941289 2.618028164 -0.2584994733  2.618052483 -0.2584978044
1.288250089 2.040221453 1 0  1.000008941 -0.4999943376 2.621851206 -0.2563454807  2.62187624 -0.2563437819
1.303166986 2.079567432 1 0  1.000008941 -0.4999945462 2.625674963 -0.254211843  2.625698805 -0.2542099655
1.318256974 2.119585037 1 0  1.000010014 -0.499994725 2.629503489 -0.2520982623  2.62952733 -0.2520963848
1.333520889 2.160288811 1 0  1.000010014 -0.4999949038 2.633341789 -0.2500047684  2.63336587 -0.250002712
1.348962903 2.201689005 1 0  1.000010014 -0.4999951124 2.637194872 -0.2479313016  2.637218475 -0.2479290962
1.364582777 2.243800163 1 0  1.000010014 -0.4999952614 2.641068697 -0.2458778173  2.641092062 -0.2458756268
1.380384088 2.286633968 1 0  1.000010014 -0.4999954402 2.644966602 -0.2438441813  2.644989729 -0.2438419163
1.396368027 2.330202579 1 0  1.000010967 -0.4999955893 2.648893118 -0.2418303937  2.648916483 -0.2418280244
1.412537932 2.374520063 1 0  1.000010967 -0.4999957383 2.652854204 -0.2398361266  2.652876377 -0.239833802
1.428894043 2.419599295 1 0  1.000010967 -0.4999958873 2.656853199 -0.2378615588  2.656874895 -0.2378591895
1.445439935 2.465454102 1 0  1.000010967 -0.4999960065 2.660894394 -0.2359063774  2.66091609 -0.2359039783
1.462176919 2.512096405 1 0  1.000010967 -0.4999961555 2.664982319 -0.233970508  2.66500473 -0.2339680493
1.479107976 2.559540987 1 0  1.000010967 -0.4999962747 2.669122219 -0.2320538908  2.669143438 -0.2320513427
1.496236086 2.607801437 1 0  1.000010967 -0.4999963939 2.673316956 -0.2301561981  2.673337936 -0.2301535904
1.513560891 2.656891108 1 0  1.000010967 -0.4999965429 2.677571058 -0.2282773554  2.677592754 -0.2282747626
1.531087041 2.706826448 1 0  1.000010967 -0.4999966621 2.681890011 -0.2264172584  2.681910038 -0.2264146805
1.548817039 2.757617235 1 0  1.000010967 -0.4999967515 2.686275244 -0.2245757431  2.686295509 -0.224573046
1.566750884 2.809279919 1 0  1.000010967 -0.499996841 2.690732002 -0.2227525562  2.690752506 -0.2227499485
1.584892988 2.861828089 1 0  1.000010967 -0.4999969602 2.695263624 -0.2209475189  2.695284367 -0.2209448218
1.603245139 2.915280104 1 0  1.000010967 -0.4999970496 2.699874878 -0.2191605419  2.699894667 -0.219157964
1.621810079 2.969645977 1 0  1.000010967 -0.4999971688 2.704567909 -0.2173914462  2.70458746 -0.2173888385
1.640589952 3.024943352 1 0  1.000010967 -0.4999972284 2.709347248 -0.2156399637  2.709366322 -0.215637356
1.659586906 3.08118701 1 0  1.000010967 -0.4999973178 2.714216232 -0.2139057666  2.714235306 -0.2139031887
1.678804159 3.138391972 1 0  1.000010967 -0.4999973774 2.7191782 -0.2121890783  2.71919775 -0.2121865153
1.698244214 3.19657135 1 0  1.000010967 -0.4999974668 2.724236012 -0.2104892582  2.724255085 -0.2104866803
1.717908025 3.25574398 1 0  1.000010967 -0.4999975264 2.729393721 -0.2088063955  2.729412317 -0.2088038027
1.737800956 3.31592536 1 0  1.000010967 -0.4999976158 2.734654188 -0.2071401626  2.734672785 -0.2071375251
1.75792408 3.377125502 1 0  1.000010967 -0.4999976754 2.740019798 -0.2054903656  2.740038633 -0.2054878473
1.778279066 3.439369202 1 0  1.000010967 -0.4999977648 2.745495558 -0.2038567364  2.745514393 -0.2038541734
1.79887104 3.502665281 1 0  1.000010967 -0.4999977946 2.751082659 -0.2022392452  2.751101255 -0.202236712
1.819700837 3.567033529 1 0  1.000010967 -0.499997884 2.756784678 -0.2006374896  2.756802797 -0.2006349862
1.840771914 3.632490396 1 0  1.000010967 -0.4999979436 2.762605429 -0.1990513802  2.762622595 -0.1990489066
1.862086892 3.699049234 1 0  1.000010967 -0.4999980032 2.768545866 -0.1974806339  2.768562794 -0.1974782646
1.883648992 3.766732216 1 0  1.000010967 -0.4999980628 2.774609089 -0.1959251612  2.774626732 -0.1959227622
1.905460954 3.83555007 1 0  1.000010967 -0.4999980927 2.780798912 -0.1943846494  2.780816793 -0.1943821907
1.927525043 3.905524731 1 0  1.000010967 -0.4999981523 2.787117958 -0.1928588897  2.787134886 -0.1928565502
1.949845076 3.976671457 1 0  1.000010014 -0.4999982119 2.793568134 -0.191347748  2.793584347 -0.1913453937
1.972423077 4.049009323 1 0  1.000010014 -0.4999982417 2.800152063 -0.1898509115  2.800168037 -0.189848572
1.995262146 4.122549057 1 0  1.000010014 -0.4999983013 2.806872129 -0.1883681566  2.806888342 -0.1883659065
2.01836586 4.1973176 1 0  1.000010014 -0.4999983311 2.813730717 -0.1868993938  2.813746929 -0.1868971586
2.041738033 4.273326874 1 0  1.000010014 -0.4999983609 2.820731163 -0.1854444295  2.820746899 -0.185442239
2.065380096 4.350598812 1 0  1.000010014 -0.4999984205 2.827874184 -0.1840028763  2.827890635 -0.1840007007
2.089295864 4.42914629 1 0  1.000010014 -0.4999984503 2.835163832 -0.182574749  2.835179806 -0.1825726032
2.113489151 4.50899601 1 0  1.000010014 -0.4999984801 2.842601538 -0.1811596602  2.842616796 -0.1811576188
2.137961864 4.590156555 1 0  1.000010014 -0.4999985099 2.850189686 -0.1797575951  2.850204945 -0.1797555685
2.162719011 4.672652721 1 0  1.000008941 -0.4999985695 2.857929707 -0.1783683002  2.857945204 -0.1783662438
2.187761784 4.756502151 1 0  1.000008941 -0.4999985993 2.865824699 -0.1769915223  2.865839243 -0.1769894063
2.21309495 4.841723442 1 0  1.000008941 -0.4999986291 2.873876572 -0.1756269634  2.87389183 -0.1756249666
2.238720894 4.928335667 1 0  1.000008941 -0.4999986589 2.882086992 -0.1742746979  2.882101536 -0.1742727458
2.264644146 5.016359329 1 0  1.000008941 -0.4999987185 2.890459061 -0.1729343683  2.890473604 -0.1729324162
2.290868044 5.105818272 1 0  1.000008941 -0.4999987185 2.898993731 -0.1716058999  2.899007559 -0.1716039479
2.317394733 5.196722507 1 0  1.000008941 -0.4999987483 2.907693386 -0.17028898  2.907707453 -0.1702870131
2.344228983 5.28910017 1 0  1.000008941 -0.4999987781 2.916559696 -0.1689834595  2.916573524 -0.1689816415
2.371373892 5.382965565 1 0  1.000007987 -0.4999988377 2.925594568 -0.167689234  2.925608635 -0.1676873267
2.398832798 5.478344917 1 0  1.000007987 -0.4999988377 2.934801102 -0.1664060205  2.934814453 -0.1664042771
2.426610231 5.575257301 1 0  1.000007987 -0.4999988675 2.944179535 -0.1651337594  2.944192648 -0.1651320457
2.454709053 5.673723221 1 0  1.000007987 -0.4999988973 2.953732967 -0.1638723165  2.953745842 -0.1638707221
2.483133078 5.773762226 1 0  1.000007987 -0.4999988973 2.96346283 -0.1626213938  2.963475227 -0.1626197994
2.511885881 5.875398159 1 0  1.000007987 -0.4999989271 2.973369598 -0.1613809019  2.973383427 -0.1613793373
2.540973186 5.978651524 1 0  1.000007987 -0.4999989271 2.983458281 -0.1601506025  2.983471155 -0.160149157
2.570395708 6.08354187 1 0  1.000007987 -0.4999989867 2.993728161 -0.1589304954  2.99374032 -0.1589289904
2.600159883 6.190096378 1 0  1.000007987 -0.4999990165 3.004180908 -0.1577204019  3.00419426 -0.1577188671
2.630268097 6.298331738 1 0  1.000007033 -0.4999990165 3.014819384 -0.156520009  3.01483202 -0.1565185487
2.660724878 6.408277035 1 0  1.000007033 -0.4999990463 3.02564621 -0.1553293169  3.025657654 -0.1553278565
2.691534758 6.519947529 1 0  1.000007033 -0.4999990463 3.03666091 -0.1541481316  3.036672592 -0.1541466713
2.722701073 6.633369923 1 0  1.000007033 -0.4999990761 3.047867298 -0.1529762447  3.047878742 -0.1529748738
2.754229069 6.748572826 1 0  1.000007033 -0.4999990761 3.05926466 -0.1518136859  3.059276104 -0.1518124044
2.786120892 6.865571499 1 0  1.000007033 -0.4999991357 3.070857048 -0.1506602019  3.070868492 -0.1506588757
2.818382978 6.984392643 1 0  1.000007033 -0.4999991357 3.082645178 -0.1495156884  3.082656622 -0.1495143473
2.851017952 7.105062008 1 0  1.000007033 -0.4999991357 3.094631195 -0.1483800113  3.094642162 -0.1483787596
2.884031773 7.227605343 1 0  1.00000596 -0.4999991655 3.10681653 -0.1472531706  3.106827259 -0.1472518444
2.917427063 7.352044582 1 0  1.00000596 -0.4999991655 3.119202852 -0.1461348087  3.119213343 -0.1461336613
2.951209068 7.478402615 1 0  1.00000596 -0.4999991953 3.131791115 -0.1450249404  3.131801844 -0.1450237334
2.985383272 7.606710434 1 0  1.00000596 -0.4999991953 3.144584417 -0.1439235359  3.144595146 -0.1439223588
3.019952059 7.736990929 1 0  1.00000596 -0.4999992549 3.15758419 -0.1428302228  3.157594919 -0.1428289711
3.054920912 7.869270802 1 0  1.00000596 -0.4999992549 3.170792341 -0.1417451352  3.170801878 -0.1417440474
3.090294838 8.003574371 1 0  1.00000596 -0.4999992549 3.184209347 -0.140668124  3.18421936 -0.1406669915
3.126079082 8.139929771 1 0  1.00000596 -0.4999992847 3.197838783 -0.1395989656  3.197848082 -0.1395979524
3.162278175 8.278366089 1 0  1.00000596 -0.4999992847 3.211680412 -0.1385376304  3.211690187 -0.1385365725
3.198894501 8.418904305 1 0  1.000005007 -0.4999992847 3.225736856 -0.1374841183  3.225746155 -0.13748312
3.235937119 8.561579704 1 0  1.000005007 -0.4999993145 3.2400105 -0.1364381462  3.24001956 -0.1364372671
3.273406982 8.706417084 1 0  1.000005007 -0.4999993145 3.254502058 -0.1353998035  3.254511356 -0.1353988349
3.311310768 8.853446007 1 0  1.000005007 -0.4999993145 3.269213915 -0.134368822  3.269223452 -0.1343679726
3.349654198 9.002690315 1 0  1.000005007 -0.4999993443 3.284147978 -0.133345291  3.284157038 -0.1333444118
3.388441801 9.154188156 1 0  1.000005007 -0.4999993443 3.299304485 -0.1323289424  3.299313784 -0.1323280334
3.427678347 9.307961464 1 0  1.000005007 -0.4999993443 3.314688444 -0.1313198507  3.314697027 -0.1313189864
3.46736908 9.464039803 1 0  1.000005007 -0.499999404 3.330297947 -0.1303178221  3.330307722 -0.1303169727
3.507519007 9.622461319 1 0  1.000005007 -0.499999404 3.346137524 -0.1293228865  3.346145868 -0.1293219924
3.54813385 9.783250809 1 0  1.000005007 -0.499999404 3.362208366 -0.128334865  3.362215996 -0.1283340454
3.589219093 9.946437836 1 0  1.000005007 -0.4999994338 3.378509998 -0.1273537427  3.378519058 -0.1273529232
3.630780935 10.11205959 1 0  1.000004053 -0.4999994338 3.395047903 -0.1263792962  3.395056486 -0.1263786256
3.672822952 10.28014946 1 0  1.000004053 -0.4999994338 3.411821842 -0.1254117489  3.411830187 -0.1254110038
3.715352058 10.45073128 1 0  1.000004053 -0.4999994338 3.428833961 -0.1244507581  3.428842306 -0.1244501173
3.758373976 10.62384224 1 0  1.000004053 -0.4999994636 3.446087122 -0.1234964281  3.446094751 -0.1234957576
3.801893711 10.79951668 1 0  1.000004053 -0.4999994636 3.463581085 -0.1225486547  3.463589668 -0.1225479841
3.845918179 10.97779083 1 0  1.000004053 -0.4999994636 3.481320143 -0.1216073632  3.481327772 -0.121606648
3.890450954 11.15869427 1 0  1.000004053 -0.4999994636 3.49930501 -0.1206723899  3.499312639 -0.1206718087
3.935501099 11.34226608 1 0  1.000004053 -0.4999994934 3.517537117 -0.1197438911  3.517544746 -0.1197432578
3.981071949 11.5285368 1 0  1.000004053 -0.4999994934 3.536020279 -0.1188215315  3.536027431 -0.1188209951
4.027170181 11.71754932 1 0  1.000004053 -0.4999994934 3.554754734 -0.1179055795  3.554761648 -0.1179049909
4.073802948 11.90933418 1 0  1.000004053 -0.4999994934 3.573743105 -0.1169956848  3.573750496 -0.1169951856
4.120974541 12.10392952 1 0  1.000004053 -0.499999553 3.592987776 -0.1160920411  3.592995405 -0.11609146
4.168693542 12.3013773 1 0  1.00000298 -0.499999553 3.612489939 -0.1151944175  3.612496376 -0.1151938736
4.216964722 12.50170994 1 0  1.00000298 -0.499999553 3.632252932 -0.1143028215  3.632260561 -0.1143023074
4.265794754 12.70497036 1 0  1.00000298 -0.499999553 3.65227747 -0.1134172454  3.652285099 -0.1134167016
4.315191746 12.91119576 1 0  1.00000298 -0.499999553 3.672566891 -0.1125376076  3.67257452 -0.1125371158
4.365158558 13.12042618 1 0  1.00000298 -0.4999995828 3.693123102 -0.1116638556  3.693129778 -0.1116633415
4.41570425 13.33270073 1 0  1.00000298 -0.4999995828 3.713947535 -0.1107959598  3.713954687 -0.1107955575
4.466836452 13.54806614 1 0  1.00000298 -0.4999995828 3.735043049 -0.109933883  3.735048771 -0.1099334359
4.518559456 13.76655197 1 0  1.00000298 -0.4999995828 3.756411791 -0.1090775952  3.756417751 -0.1090772152
4.57088232 13.98821545 1 0  1.00000298 -0.4999995828 3.778055668 -0.1082269847  3.77806139 -0.1082265973
4.623809814 14.2130928 1 0  1.00000298 -0.4999996126 3.799976587 -0.1073821709  3.799982786 -0.1073817909
4.677350998 14.44122887 1 0  1.00000298 -0.4999996126 3.822178364 -0.1065429524  3.822184324 -0.1065425575
4.731513023 14.6726675 1 0  1.00000298 -0.4999996126 3.844661713 -0.1057093665  3.844666958 -0.1057090461
4.786300659 14.90744591 1 0  1.00000298 -0.4999996126 3.867429495 -0.104881376  3.867435455 -0.1048809588
4.841723919 15.14562702 1 0  1.00000298 -0.4999996126 3.890484333 -0.1040589139  3.890490532 -0.1040585339
4.897788525 15.38724804 1 0  1.00000298 -0.4999996126 3.913828373 -0.1032419503  3.913835049 -0.1032416523
4.954502583 15.63235283 1 0  1.000002027 -0.4999996722 3.937465191 -0.1024305448  3.937470675 -0.102430135
5.011872292 15.88099384 1 0  1.000002027 -0.4999996722 3.961395025 -0.1016245112  3.961400747 -0.1016242206
5.069906712 16.13322258 1 0  1.000002027 -0.4999996722 3.985621214 -0.1008240059  3.985626936 -0.1008237302
5.128613472 16.38908577 1 0  1.000002027 -0.4999996722 4.010148048 -0.100028798  4.01015234 -0.1000285447
5.187999725 16.64863396 1 0  1.000002027 -0.4999996722 4.034975052 -0.09923901409  4.034980774 -0.09923872352
5.248074532 16.91191864 1 0  1.000002027 -0.4999996722 4.060106754 -0.09845458716  4.060112 -0.09845432639
5.30884409 17.17898941 1 0  1.000002027 -0.499999702 4.085544586 -0.09767547995  4.085550308 -0.09767514467
5.370318413 17.4499073 1 0  1.000002027 -0.499999702 4.111293316 -0.09690155089  4.111298084 -0.09690123796
5.432503223 17.72472191 1 0  1.000002027 -0.499999702 4.137352943 -0.09613295645  4.137357712 -0.09613263607
5.495409489 18.00348282 1 0  1.000002027 -0.499999702 4.163728237 -0.09536959976  4.163733482 -0.09536939859
5.559042931 18.28625679 1 0  1.000002027 -0.499999702 4.190419674 -0.09461148083  4.190424442 -0.09461122751
5.623412609 18.57309341 1 0  1.000002027 -0.499999702 4.217433453 -0.09385851026  4.217438221 -0.09385824203
5.688529015 18.86405373 1 0  1.000002027 -0.499999702 4.244768143 -0.09311074018  4.244772911 -0.09311044216
5.7543993 19.15919113 1 0  1.000002027 -0.4999997318 4.272429943 -0.09236802161  4.272433758 -0.09236785769
5.821032047 19.45858002 1 0  1.000002027 -0.4999997318 4.300419807 -0.09163052589  4.300423622 -0.09163030982
5.888437271 19.76226234 1 0  1.000002027 -0.4999997318 4.328740597 -0.09089811891  4.328745842 -0.09089788795
5.95662117 20.07031631 1 0  1.000002027 -0.4999997318 4.357397079 -0.09017080069  4.357400417 -0.09017053246
6.025596619 20.38279724 1 0  1.000002027 -0.4999997318 4.386390686 -0.08944842219  4.386394501 -0.08944824338
6.095369339 20.69977379 1 0  1.000002027 -0.4999997318 4.415723324 -0.08873125166  4.415727615 -0.08873108029
6.165949821 21.02130699 1 0  1.000002027 -0.4999997318 4.445400715 -0.08801891655  4.445405006 -0.08801880479
6.23734808 21.34747124 1 0  1.000002027 -0.4999997318 4.47542429 -0.08731170744  4.475427628 -0.08731153607
6.309573174 21.67832184 1 0  1.000002027 -0.4999997616 4.505796432 -0.08660946041  4.505800724 -0.08660924435
6.38263464 22.0139389 1 0  1.000002027 -0.4999997616 4.536521435 -0.08591214567  4.536525726 -0.08591192961
6.456542492 22.35439301 1 0  1.000000954 -0.4999997616 4.567602158 -0.08521979302  4.567607403 -0.08521968126
6.531306267 22.69975662 1 0  1.000000954 -0.4999997616 4.599042416 -0.0845323652  4.599046707 -0.08453226089
6.606933594 23.05010033 1 0  1.000000954 -0.4999997616 4.630844116 -0.08384981751  4.630848885 -0.0838496685
6.683438778 23.40549469 1 0  1.000000954 -0.4999997616 4.663012028 -0.08317218721  4.663016319 -0.0831720829
6.760829926 23.76601219 1 0  1.000000954 -0.4999997616 4.695548058 -0.08249943703  4.695551395 -0.08249938488
6.839116573 24.13175201 1 0  1.000000954 -0.4999997616 4.728455067 -0.08183154464  4.728458881 -0.08183145523
6.918310165 24.50281143 1 0  1.000000954 -0.4999997616 4.761738777 -0.08116848767  4.761743069 -0.08116835356
6.998420238 24.87920761 1 0  1.000000954 -0.4999997616 4.795401096 -0.08051027358  4.795404911 -0.08051019907
7.079458237 25.26106644 1 0  1.000000954 -0.4999998212 4.829446316 -0.07985687256  4.8294487 -0.07985675335
7.161433697 25.64845276 1 0  1.000000954 -0.4999998212 4.863876343 -0.07920824736  4.863879681 -0.079208076
7.24435997 26.04146957 1 0  1.000000954 -0.4999998212 4.898695469 -0.07856445014  4.898698807 -0.07856428623
7.328244686 26.44021797 1 0  1.000000954 -0.4999998212 4.933907986 -0.07792537659  4.9339118 -0.07792526484
7.41310215 26.8447628 1 0  1.000000954 -0.4999998212 4.969516754 -0.07729101926  4.969521046 -0.0772908926
7.498941898 27.25520515 1 0  1.000000954 -0.4999998212 5.005526543 -0.07666145265  5.005529404 -0.07666134834
7.585776329 27.67163467 1 0  1.000000954 -0.4999998212 5.041939735 -0.07603660971  5.04194355 -0.07603645325
7.673614502 28.09413719 1 0  1.000000954 -0.4999998212 5.078760624 -0.07541643828  5.078763485 -0.07541638613
7.762470722 28.52284622 1 0  1.000000954 -0.4999998212 5.115992069 -0.07480105013  5.115996361 -0.07480090857
7.852356434 28.9578228 1 0  1.000000954 -0.4999998212 5.153639793 -0.07419030368  5.153642654 -0.07419019938
7.943281651 29.39920998 1 0  1.000000954 -0.4999998212 5.191705704 -0.07358421385  5.191708088 -0.07358413935
8.035261154 29.84707451 1 0  1.000000954 -0.4999998212 5.230195045 -0.07298277318  5.230198383 -0.07298272848
8.128306389 30.30153847 1 0  1.000000954 -0.499999851 5.269111633 -0.07238602638  5.269114971 -0.07238587737
8.222425461 30.76273537 1 0  1.000000954 -0.499999851 5.308458328 -0.07179389149  5.308461666 -0.07179382443
8.317637444 31.23075104 1 0  1.000000954 -0.499999851 5.348241329 -0.07120639086  5.34824419 -0.07120630145
8.41395092 31.70570564 1 0  1.000000954 -0.499999851 5.388463497 -0.07062348723  5.388465405 -0.07062342763
8.511381149 32.18771744 1 0  1.000000954 -0.499999851 5.429127216 -0.07004521787  5.429130077 -0.07004520297
8.609937668 32.6769104 1 0  1.000000954 -0.499999851 5.470240593 -0.06947151572  5.470243931 -0.06947144866
8.709634781 33.17341232 1 0  1.000000954 -0.499999851 5.511804581 -0.06890242547  5.511807442 -0.06890240312
8.810488701 33.67734909 1 0  1.000000954 -0.499999851 5.553824902 -0.06833788753  5.553828239 -0.06833782792
8.912508011 34.18887329 1 0  1.000000954 -0.499999851 5.596305847 -0.06777793914  5.596308231 -0.06777790189
9.015710831 34.70809174 1 0  1.000000954 -0.499999851 5.639251709 -0.06722252816  5.63925457 -0.06722250581
9.120108604 35.23514938 1 0  1.000000954 -0.499999851 5.682667732 -0.06667164713  5.68266964 -0.06667158008
9.22571373 35.77019501 1 0  1.000000954 -0.499999851 5.726555824 -0.06612533331  5.726558685 -0.06612530351
9.332542419 36.31334305 1 0  1.000000954 -0.499999851 5.770923138 -0.06558356434  5.770926952 -0.06558349729
9.440608025 36.86479568 1 0  1.000000954 -0.499999851 5.815774441 -0.06504627317  5.815777779 -0.06504622102
9.549925804 37.42471313 1 0  1.000000954 -0.499999851 5.861112595 -0.06451350451  5.861114979 -0.0645134747
9.660509109 37.99320221 1 0  1.000000954 -0.499999851 5.906942844 -0.06398523599  5.906945705 -0.06398525834
9.772371292 38.5704422 1 0  1.000000954 -0.4999998808 5.953271866 -0.06346151978  5.95327425 -0.06346148252
9.885530472 39.15661621 1 0  1.000000954 -0.4999998808 6.000101566 -0.06294226646  6.000103951 -0.06294220686
10 39.7519455 1 0  1.000000954 -0.4999998808 6.047439098 -0.06242750958  6.047441006 -0.06242746115
